    OBS     INF    Al      MF1      MF2      MF3    Err    Bl    CErr2
       1.000        1.000     0       0.556        0.083        0.000        0.000     0     0.000
       1.000        1.000     0       0.667        0.083        0.000        0.000     0     0.000
       1.000        1.000     0       0.778        0.083        0.000        0.000     0     0.000
       1.000        1.000     0       0.831        0.083        0.000        0.000     0     0.000
       1.000        1.000     0       0.611        0.083        0.000        0.000     0     0.000
       1.000        1.000     0       0.583        0.237        0.000        0.000     0     0.000
       1.000        1.000     0       0.833        0.136        0.000        0.000     0     0.000
       1.000        1.000     0       0.611        0.083        0.000        0.000     0     0.000
       1.000        1.000     0       0.750        0.083        0.000        0.000     0     0.000
       1.000        1.000     0       0.667        0.000        0.000        0.000     0     0.000
       1.000        1.000     0       0.583        0.083        0.000        0.000     0     0.000
       1.000        1.000     0       0.722        0.083        0.000        0.000     0     0.000
       1.000        1.000     0       0.722        0.000        0.000        0.000     0     0.000
       1.000        1.000     0       0.833        0.000        0.000        0.000     0     0.000
       1.000        1.000     0       0.667        0.068        0.000        0.000     0     0.000
       1.000        1.000     0       0.750        0.000        0.000        0.000     0     0.000
       1.000        1.000     0       0.583        0.102        0.000        0.000     0     0.000
       1.000        1.000     0       0.556        0.136        0.000        0.000     0     0.000
       1.000        1.000     0       0.500        0.167        0.000        0.000     0     0.000
       1.000        1.000     0       0.500        0.167        0.000        0.000     0     0.000
       1.000        1.000     0       0.611        0.083        0.000        0.000     0     0.000
       1.000        1.000     0       0.556        0.169        0.000        0.000     0     0.000
       1.000        1.000     0       0.667        0.000        0.000        0.000     0     0.000
       1.000        1.000     0       0.556        0.237        0.000        0.000     0     0.000
       1.000        1.000     0       0.695        0.083        0.000        0.000     0     0.000
       1.000        1.000     0       0.611        0.083        0.000        0.000     0     0.000
       1.000        1.000     0       0.611        0.203        0.000        0.000     0     0.000
       1.000        1.000     0       0.500        0.083        0.000        0.000     0     0.000
       1.000        1.000     0       0.500        0.083        0.000        0.000     0     0.000
       1.000        1.000     0       0.778        0.083        0.000        0.000     0     0.000
       1.000        1.000     0       0.722        0.083        0.000        0.000     0     0.000
       1.000        1.000     0       0.611        0.169        0.000        0.000     0     0.000
       1.000        1.000     0       0.500        0.000        0.000        0.000     0     0.000
       1.000        1.000     0       0.667        0.083        0.000        0.000     0     0.000
       1.000        1.000     0       0.667        0.000        0.000        0.000     0     0.000
       1.000        1.000     0       0.611        0.068        0.000        0.000     0     0.000
       1.000        1.000     0       0.667        0.083        0.000        0.000     0     0.000
       1.000        1.000     0       0.667        0.000        0.000        0.000     0     0.000
       1.000        1.000     0       0.833        0.083        0.000        0.000     0     0.000
       1.000        1.000     0       0.556        0.083        0.000        0.000     0     0.000
       1.000        1.000     0       0.611        0.102        0.000        0.000     0     0.000
       1.000        1.000     0       0.750        0.102        0.000        0.000     0     0.000
       1.000        1.000     0       0.898        0.056        0.000        0.000     0     0.000
       1.000        1.000     0       0.583        0.203        0.000        0.000     0     0.000
       1.000        1.000     0       0.500        0.250        0.000        0.000     0     0.000
       1.000        1.000     0       0.722        0.136        0.000        0.000     0     0.000
       1.000        1.000     0       0.500        0.083        0.000        0.000     0     0.000
       1.000        1.000     0       0.833        0.083        0.000        0.000     0     0.000
       1.000        1.000     0       0.556        0.083        0.000        0.000     0     0.000
       1.000        1.000     0       0.611        0.083        0.000        0.000     0     0.000
       2.000        2.000     0       0.000        0.500        0.254        0.000     0     0.000
       2.000        2.000     0       0.000        0.814        0.186        0.000     0     0.000
       2.000        2.000     0       0.000        0.556        0.322        0.000     0     0.000
       2.000        2.000     0       0.000        0.667        0.017        0.000     0     0.000
       2.000        2.000     0       0.000        0.667        0.220        0.000     0     0.000
       2.000        2.000     0       0.000        0.667        0.186        0.000     0     0.000
       2.000        2.000     0       0.000        0.746        0.254        0.000     0     0.000
       2.000        2.000     0       0.220        0.667        0.000        0.000     0     0.000
       2.000        2.000     0       0.000        0.722        0.220        0.000     0     0.000
       2.000        2.000     0       0.000        0.500        0.083        0.000     0     0.000
       2.000        2.000     0       0.153        0.611        0.000        0.000     0     0.000
       2.000        2.000     0       0.000        0.833        0.167        0.000     0     0.000
       2.000        2.000     0       0.000        0.750        0.017        0.000     0     0.000
       2.000        2.000     0       0.000        0.746        0.254        0.000     0     0.000
       2.000        2.000     0       0.000        0.722        0.000        0.000     0     0.000
       2.000        2.000     0       0.000        0.667        0.153        0.000     0     0.000
       2.000        2.000     0       0.000        0.722        0.186        0.000     0     0.000
       2.000        2.000     0       0.000        0.583        0.051        0.000     0     0.000
       2.000        2.000     0       0.000        0.814        0.186        0.000     0     0.000
       2.000        2.000     0       0.017        0.583        0.000        0.000     0     0.000
       2.000        2.000     0       0.000        0.583        0.417        0.000     0     0.000
       2.000        2.000     0       0.000        0.667        0.017        0.000     0     0.000
       2.000        2.000     0       0.000        0.583        0.322        0.000     0     0.000
       2.000        2.000     0       0.000        0.667        0.254        0.000     0     0.000
       2.000        2.000     0       0.000        0.750        0.119        0.000     0     0.000
       2.000        2.000     0       0.000        0.722        0.153        0.000     0     0.000
       2.000        2.000     0       0.000        0.611        0.288        0.000     0     0.000
       2.000        2.000     0       0.000        0.644        0.356        0.000     0     0.000
       2.000        2.000     0       0.000        0.750        0.186        0.000     0     0.000
       2.000        2.000     0       0.153        0.500        0.000        0.000     0     0.000
       2.000        2.000     0       0.051        0.667        0.000        0.000     0     0.000
       2.000        2.000     0       0.085        0.667        0.000        0.000     0     0.000
       2.000        2.000     0       0.017        0.583        0.000        0.000     0     0.000
       2.000        2.000     0       0.000        0.583        0.390        0.000     0     0.000
       2.000        2.000     0       0.000        0.611        0.186        0.000     0     0.000
       2.000        2.000     0       0.000        0.750        0.250        0.000     0     0.000
       2.000        2.000     0       0.000        0.667        0.254        0.000     0     0.000
       2.000        2.000     0       0.000        0.750        0.153        0.000     0     0.000
       2.000        2.000     0       0.000        0.722        0.051        0.000     0     0.000
       2.000        2.000     0       0.000        0.583        0.017        0.000     0     0.000
       2.000        2.000     0       0.000        0.500        0.153        0.000     0     0.000
       2.000        2.000     0       0.000        0.780        0.220        0.000     0     0.000
       2.000        2.000     0       0.000        0.500        0.017        0.000     0     0.000
       2.000        2.000     0       0.220        0.611        0.000        0.000     0     0.000
       2.000        2.000     0       0.000        0.583        0.085        0.000     0     0.000
       2.000        2.000     0       0.000        0.778        0.085        0.000     0     0.000
       2.000        2.000     0       0.000        0.750        0.085        0.000     0     0.000
       2.000        2.000     0       0.000        0.750        0.119        0.000     0     0.000
       2.000        2.000     0       0.167        0.556        0.000        0.000     0     0.000
       2.000        2.000     0       0.000        0.667        0.051        0.000     0     0.000
       3.000        3.000     0       0.000        0.000        0.695        0.000     0     0.000
       3.000        2.000     2       0.000        0.500        0.500       -1.000     0     1.000
       3.000        3.000     0       0.000        0.333        0.556        0.000     0     1.000
       3.000        3.000     0       0.000        0.441        0.559        0.000     0     1.000
       3.000        3.000     0       0.000        0.250        0.627        0.000     0     1.000
       3.000        3.000     0       0.000        0.102        0.667        0.000     0     1.000
       3.000        2.000     0       0.000        0.583        0.333       -1.000     0     2.000
       3.000        3.000     0       0.000        0.203        0.583        0.000     0     2.000
       3.000        3.000     0       0.000        0.373        0.583        0.000     0     2.000
       3.000        3.000     0       0.000        0.000        0.611        0.000     0     2.000
       3.000        3.000     0       0.000        0.417        0.583        0.000     0     2.000
       3.000        2.000     2       0.000        0.500        0.500       -1.000     0     3.000
       3.000        3.000     0       0.000        0.333        0.525        0.000     0     3.000
       3.000        3.000     0       0.000        0.417        0.583        0.000     0     3.000
       3.000        3.000     0       0.000        0.083        0.610        0.000     0     3.000
       3.000        3.000     0       0.000        0.167        0.542        0.000     0     3.000
       3.000        3.000     2       0.000        0.475        0.525        0.000     0     3.000
       3.000        3.000     0       0.000        0.068        0.500        0.000     0     3.000
       3.000        3.000     0       0.000        0.000        0.500        0.000     0     3.000
       3.000        2.000     0       0.000        0.644        0.356       -1.000     0     4.000
       3.000        3.000     0       0.000        0.167        0.556        0.000     0     4.000
       3.000        3.000     0       0.000        0.417        0.583        0.000     0     4.000
       3.000        3.000     0       0.000        0.068        0.583        0.000     0     4.000
       3.000        2.000     0       0.000        0.583        0.417       -1.000     0     5.000
       3.000        3.000     0       0.000        0.333        0.593        0.000     0     5.000
       3.000        3.000     0       0.000        0.305        0.583        0.000     0     5.000
       3.000        2.000     0       0.000        0.583        0.417       -1.000     0     6.000
       3.000        2.000     0       0.000        0.583        0.417       -1.000     0     7.000
       3.000        3.000     0       0.000        0.333        0.559        0.000     0     7.000
       3.000        3.000     0       0.000        0.373        0.611        0.000     0     7.000
       3.000        3.000     0       0.000        0.271        0.500        0.000     0     7.000
       3.000        3.000     0       0.000        0.000        0.500        0.000     0     7.000
       3.000        3.000     0       0.000        0.250        0.559        0.000     0     7.000
       3.000        2.000     0       0.000        0.610        0.390       -1.000     0     8.000
       3.000        3.000     2       0.000        0.441        0.500        0.000     0     8.000
       3.000        3.000     0       0.000        0.111        0.729        0.000     0     8.000
       3.000        3.000     0       0.000        0.083        0.559        0.000     0     8.000
       3.000        3.000     2       0.000        0.475        0.525        0.000     0     8.000
       3.000        2.000     0       0.000        0.583        0.417       -1.000     0     9.000
       3.000        3.000     0       0.000        0.333        0.508        0.000     0     9.000
       3.000        3.000     0       0.000        0.083        0.559        0.000     0     9.000
       3.000        3.000     0       0.000        0.167        0.556        0.000     0     9.000
       3.000        2.000     2       0.000        0.500        0.500       -1.000     0    10.000
       3.000        3.000     0       0.000        0.167        0.611        0.000     0    10.000
       3.000        3.000     0       0.000        0.000        0.593        0.000     0    10.000
       3.000        3.000     0       0.000        0.167        0.576        0.000     0    10.000
       3.000        2.000     2       0.000        0.500        0.500       -1.000     0    11.000
       3.000        3.000     0       0.000        0.417        0.576        0.000     0    11.000
       3.000        3.000     0       0.000        0.167        0.508        0.000     0    11.000
       3.000        2.000     0       0.000        0.583        0.417       -1.000     0    12.000
