13.200000 ,1.780000 ,2.140000 ,11.200000 ,100.000000 ,2.650000 ,2.760000 ,0.260000 ,1.280000 ,4.380000 ,1.050000 ,3.400000 ,1050.000000 ,1.000000
14.390000 ,1.870000 ,2.450000 ,14.600000 ,96.000000 ,2.500000 ,2.520000 ,0.300000 ,1.980000 ,5.250000 ,1.020000 ,3.580000 ,1290.000000 ,1.000000
14.830000 ,1.640000 ,2.170000 ,14.000000 ,97.000000 ,2.800000 ,2.980000 ,0.290000 ,1.980000 ,5.200000 ,1.080000 ,2.850000 ,1045.000000 ,1.000000
14.120000 ,1.480000 ,2.320000 ,16.800000 ,95.000000 ,2.200000 ,2.430000 ,0.260000 ,1.570000 ,5.000000 ,1.170000 ,2.820000 ,1280.000000 ,1.000000
13.830000 ,1.570000 ,2.620000 ,20.000000 ,115.000000 ,2.950000 ,3.400000 ,0.400000 ,1.720000 ,6.600000 ,1.130000 ,2.570000 ,1130.000000 ,1.000000
12.850000 ,1.600000 ,2.520000 ,17.800000 ,95.000000 ,2.480000 ,2.370000 ,0.260000 ,1.460000 ,3.930000 ,1.090000 ,3.630000 ,1015.000000 ,1.000000
13.390000 ,1.770000 ,2.620000 ,16.100000 ,93.000000 ,2.850000 ,2.940000 ,0.340000 ,1.450000 ,4.800000 ,0.920000 ,3.220000 ,1195.000000 ,1.000000
13.680000 ,1.830000 ,2.360000 ,17.200000 ,104.000000 ,2.420000 ,2.690000 ,0.420000 ,1.970000 ,3.840000 ,1.230000 ,2.870000 ,990.000000 ,1.000000
13.760000 ,1.530000 ,2.700000 ,19.500000 ,132.000000 ,2.950000 ,2.740000 ,0.500000 ,1.350000 ,5.400000 ,1.250000 ,3.000000 ,1235.000000 ,1.000000
13.480000 ,1.810000 ,2.410000 ,20.500000 ,100.000000 ,2.700000 ,2.980000 ,0.260000 ,1.860000 ,5.100000 ,1.040000 ,3.470000 ,920.000000 ,1.000000
13.280000 ,1.640000 ,2.840000 ,15.500000 ,110.000000 ,2.600000 ,2.680000 ,0.340000 ,1.360000 ,4.600000 ,1.090000 ,2.780000 ,880.000000 ,1.000000
13.050000 ,1.730000 ,2.040000 ,12.400000 ,92.000000 ,2.720000 ,3.270000 ,0.170000 ,2.910000 ,7.200000 ,1.120000 ,2.910000 ,1150.000000 ,1.000000
13.830000 ,1.650000 ,2.600000 ,17.200000 ,94.000000 ,2.450000 ,2.990000 ,0.220000 ,2.290000 ,5.600000 ,1.240000 ,3.370000 ,1265.000000 ,1.000000
13.560000 ,1.730000 ,2.460000 ,20.500000 ,116.000000 ,2.960000 ,2.780000 ,0.200000 ,2.450000 ,6.250000 ,0.980000 ,3.030000 ,1120.000000 ,1.000000
13.560000 ,1.710000 ,2.310000 ,16.200000 ,117.000000 ,3.150000 ,3.290000 ,0.340000 ,2.340000 ,6.130000 ,0.950000 ,3.380000 ,795.000000 ,1.000000
13.670000 ,1.250000 ,1.920000 ,18.000000 ,94.000000 ,2.100000 ,1.790000 ,0.320000 ,0.730000 ,3.800000 ,1.230000 ,2.460000 ,630.000000 ,2.000000
12.370000 ,1.130000 ,2.160000 ,19.000000 ,87.000000 ,3.500000 ,3.100000 ,0.190000 ,1.870000 ,4.450000 ,1.220000 ,2.870000 ,420.000000 ,2.000000
12.370000 ,1.170000 ,1.920000 ,19.600000 ,78.000000 ,2.110000 ,2.000000 ,0.270000 ,1.040000 ,4.680000 ,1.120000 ,3.480000 ,510.000000 ,2.000000
11.960000 ,1.090000 ,2.300000 ,21.000000 ,101.000000 ,3.380000 ,2.140000 ,0.130000 ,1.650000 ,3.210000 ,0.990000 ,3.130000 ,886.000000 ,2.000000
11.840000 ,2.890000 ,2.230000 ,18.000000 ,112.000000 ,1.720000 ,1.320000 ,0.430000 ,0.950000 ,2.650000 ,0.960000 ,2.520000 ,500.000000 ,2.000000
12.700000 ,3.870000 ,2.400000 ,23.000000 ,101.000000 ,2.830000 ,2.550000 ,0.430000 ,1.950000 ,2.570000 ,1.190000 ,3.130000 ,463.000000 ,2.000000
12.080000 ,1.130000 ,2.510000 ,24.000000 ,78.000000 ,2.000000 ,1.580000 ,0.400000 ,1.400000 ,2.200000 ,1.310000 ,2.720000 ,630.000000 ,2.000000
12.670000 ,0.980000 ,2.240000 ,18.000000 ,99.000000 ,2.200000 ,1.940000 ,0.300000 ,1.460000 ,2.620000 ,1.230000 ,3.160000 ,450.000000 ,2.000000
11.640000 ,2.060000 ,2.460000 ,21.600000 ,84.000000 ,1.950000 ,1.690000 ,0.480000 ,1.350000 ,2.800000 ,1.000000 ,2.750000 ,680.000000 ,2.000000
12.080000 ,1.830000 ,2.320000 ,18.500000 ,81.000000 ,1.600000 ,1.500000 ,0.520000 ,1.640000 ,2.400000 ,1.080000 ,2.270000 ,480.000000 ,2.000000
12.370000 ,1.070000 ,2.100000 ,18.500000 ,88.000000 ,3.520000 ,3.750000 ,0.240000 ,1.950000 ,4.500000 ,1.040000 ,2.770000 ,660.000000 ,2.000000
12.220000 ,1.290000 ,1.940000 ,19.000000 ,92.000000 ,2.360000 ,2.040000 ,0.390000 ,2.080000 ,2.700000 ,0.860000 ,3.020000 ,312.000000 ,2.000000
11.460000 ,3.740000 ,1.820000 ,19.500000 ,107.000000 ,3.180000 ,2.580000 ,0.240000 ,3.580000 ,2.900000 ,0.750000 ,2.810000 ,562.000000 ,2.000000
11.760000 ,2.680000 ,2.920000 ,20.000000 ,103.000000 ,1.750000 ,2.030000 ,0.600000 ,1.050000 ,3.800000 ,1.230000 ,2.500000 ,607.000000 ,2.000000
12.420000 ,1.610000 ,2.190000 ,22.500000 ,108.000000 ,2.000000 ,2.090000 ,0.340000 ,1.610000 ,2.060000 ,1.060000 ,2.960000 ,345.000000 ,2.000000
12.770000 ,3.430000 ,1.980000 ,16.000000 ,80.000000 ,1.630000 ,1.250000 ,0.430000 ,0.830000 ,3.400000 ,0.700000 ,2.120000 ,372.000000 ,2.000000
11.450000 ,2.400000 ,2.420000 ,20.000000 ,96.000000 ,2.900000 ,2.790000 ,0.320000 ,1.830000 ,3.250000 ,0.800000 ,3.390000 ,625.000000 ,2.000000
13.050000 ,3.860000 ,2.320000 ,22.500000 ,85.000000 ,1.650000 ,1.590000 ,0.610000 ,1.620000 ,4.800000 ,0.840000 ,2.010000 ,515.000000 ,2.000000
12.880000 ,2.990000 ,2.400000 ,20.000000 ,104.000000 ,1.300000 ,1.220000 ,0.240000 ,0.830000 ,5.400000 ,0.740000 ,1.420000 ,530.000000 ,3.000000
12.810000 ,2.310000 ,2.400000 ,24.000000 ,98.000000 ,1.150000 ,1.090000 ,0.270000 ,0.830000 ,5.700000 ,0.660000 ,1.360000 ,560.000000 ,3.000000
12.250000 ,4.720000 ,2.540000 ,21.000000 ,89.000000 ,1.380000 ,0.470000 ,0.530000 ,0.800000 ,3.850000 ,0.750000 ,1.270000 ,720.000000 ,3.000000
12.840000 ,2.960000 ,2.610000 ,24.000000 ,101.000000 ,2.320000 ,0.600000 ,0.530000 ,0.810000 ,4.920000 ,0.890000 ,2.150000 ,590.000000 ,3.000000
13.520000 ,3.170000 ,2.720000 ,23.500000 ,97.000000 ,1.550000 ,0.520000 ,0.500000 ,0.550000 ,4.350000 ,0.890000 ,2.060000 ,520.000000 ,3.000000
12.250000 ,3.880000 ,2.200000 ,18.500000 ,112.000000 ,1.380000 ,0.780000 ,0.290000 ,1.140000 ,8.210000 ,0.650000 ,2.000000 ,855.000000 ,3.000000
13.160000 ,3.570000 ,2.150000 ,21.000000 ,102.000000 ,1.500000 ,0.550000 ,0.430000 ,1.300000 ,4.000000 ,0.600000 ,1.680000 ,830.000000 ,3.000000
12.870000 ,4.610000 ,2.480000 ,21.500000 ,86.000000 ,1.700000 ,0.650000 ,0.470000 ,0.860000 ,7.650000 ,0.540000 ,1.860000 ,625.000000 ,3.000000
13.690000 ,3.260000 ,2.540000 ,20.000000 ,107.000000 ,1.830000 ,0.560000 ,0.500000 ,0.800000 ,5.880000 ,0.960000 ,1.820000 ,680.000000 ,3.000000
13.780000 ,2.760000 ,2.300000 ,22.000000 ,90.000000 ,1.350000 ,0.680000 ,0.410000 ,1.030000 ,9.580000 ,0.700000 ,1.680000 ,615.000000 ,3.000000
13.320000 ,3.240000 ,2.380000 ,21.500000 ,92.000000 ,1.930000 ,0.760000 ,0.450000 ,1.250000 ,8.420000 ,0.550000 ,1.620000 ,650.000000 ,3.000000
12.820000 ,3.370000 ,2.300000 ,19.500000 ,88.000000 ,1.480000 ,0.660000 ,0.400000 ,0.970000 ,10.260000 ,0.720000 ,1.750000 ,685.000000 ,3.000000
