14.230,15.600,3.060,5.640,1065.000,1.000
13.160,18.600,3.240,5.680,1185.000,1.000
14.370,16.800,3.490,7.800,1480.000,1.000
13.240,21.000,2.690,4.320,735.000,1.000
14.200,15.200,3.390,6.750,1450.000,1.000
14.060,17.600,2.510,5.050,1295.000,1.000
13.860,16.000,3.150,7.220,1045.000,1.000
14.100,18.000,3.320,5.750,1510.000,1.000
13.750,16.000,2.760,5.600,1320.000,1.000
14.750,11.400,3.690,5.400,1150.000,1.000
14.380,12.000,3.640,7.500,1547.000,1.000
13.630,17.200,2.910,7.300,1310.000,1.000
14.300,20.000,3.140,6.200,1280.000,1.000
14.190,16.500,3.930,8.700,1680.000,1.000
13.640,15.200,3.030,5.100,845.000,1.000
14.060,16.000,3.170,5.650,780.000,1.000
12.930,18.600,2.410,4.500,770.000,1.000
13.710,16.600,2.880,3.800,1035.000,1.000
13.500,20.000,2.610,3.520,845.000,1.000
13.050,25.000,2.680,3.580,830.000,1.000
13.300,17.000,2.190,3.950,1285.000,1.000
13.870,19.400,2.970,4.500,915.000,1.000
14.020,16.000,2.330,4.700,1035.000,1.000
13.730,22.500,3.250,5.700,1285.000,1.000
13.580,19.100,3.190,6.900,1515.000,1.000
13.510,19.000,2.530,4.200,1095.000,1.000
13.050,18.000,2.430,4.250,1105.000,1.000
13.410,18.800,2.680,4.280,1035.000,1.000
13.880,15.000,3.560,5.430,1095.000,1.000
13.240,17.500,2.630,4.360,680.000,1.000
13.050,17.000,3.000,5.040,885.000,1.000
14.210,18.900,2.650,5.240,1080.000,1.000
14.380,16.000,3.170,4.900,1065.000,1.000
13.900,16.000,3.390,6.100,985.000,1.000
14.100,18.800,2.920,6.200,1060.000,1.000
13.820,14.000,3.740,7.050,1190.000,1.000
13.770,17.100,2.790,6.300,1375.000,1.000
14.220,16.300,3.000,6.380,970.000,1.000
13.290,16.800,3.230,6.000,1270.000,1.000
13.720,16.700,3.670,6.800,1285.000,1.000
13.070,15.500,2.640,3.700,1020.000,1.000
14.220,13.200,3.040,5.100,760.000,1.000
13.940,17.400,3.540,8.900,1260.000,1.000
13.740,16.400,2.900,5.850,1060.000,1.000
12.370,10.600,0.570,1.950,520.000,2.000
12.330,16.000,1.090,3.270,680.000,2.000
12.640,16.800,1.410,5.750,450.000,2.000
12.170,19.000,1.750,2.950,355.000,2.000
12.370,18.100,2.650,4.600,678.000,2.000
13.340,17.000,1.300,3.170,750.000,2.000
12.210,16.800,1.280,2.850,718.000,2.000
12.290,20.400,1.020,3.050,870.000,2.000
13.860,25.000,2.860,3.380,410.000,2.000
12.990,30.000,2.890,3.350,985.000,2.000
11.660,16.000,1.570,3.800,428.000,2.000
13.030,16.000,2.030,4.600,392.000,2.000
12.330,14.800,1.850,3.400,750.000,2.000
12.000,19.000,2.260,2.500,278.000,2.000
12.720,18.800,2.530,3.900,714.000,2.000
11.840,18.000,2.210,3.050,520.000,2.000
12.160,22.800,1.690,2.450,495.000,2.000
11.650,26.000,1.610,2.600,562.000,2.000
12.080,23.600,1.590,1.740,625.000,2.000
12.000,22.000,1.250,3.600,450.000,2.000
12.690,20.700,1.460,3.050,495.000,2.000
12.290,18.000,2.250,2.150,290.000,2.000
11.620,18.000,2.260,3.250,345.000,2.000
12.470,19.000,2.270,2.600,937.000,2.000
11.810,21.500,0.990,2.500,625.000,2.000
12.290,16.000,2.500,2.900,428.000,2.000
12.290,18.000,2.990,2.300,406.000,2.000
12.080,17.500,2.170,3.300,710.000,2.000
12.600,18.500,1.360,2.450,562.000,2.000
12.340,21.000,2.110,2.800,438.000,2.000
12.510,20.500,1.920,2.940,672.000,2.000
12.420,22.000,1.840,2.700,315.000,2.000
11.610,20.000,2.920,2.650,680.000,2.000
12.520,21.000,2.270,2.000,325.000,2.000
11.410,21.000,2.010,3.080,434.000,2.000
12.080,22.500,2.290,2.900,385.000,2.000
11.030,21.500,2.170,1.900,407.000,2.000
12.000,19.000,1.640,1.280,564.000,2.000
11.560,28.500,5.080,6.000,465.000,2.000
12.420,26.500,2.130,2.080,365.000,2.000
13.050,21.500,2.650,2.600,380.000,2.000
11.870,21.000,3.030,2.800,380.000,2.000
12.070,21.000,2.650,2.760,378.000,2.000
12.430,21.500,3.150,3.940,352.000,2.000
12.370,24.500,2.450,2.120,342.000,2.000
12.040,22.000,1.750,2.600,580.000,2.000
13.110,15.000,3.180,5.300,502.000,2.000
13.490,24.000,1.840,3.740,472.000,2.000
11.820,19.500,1.640,2.060,415.000,2.000
12.250,19.000,2.030,3.400,510.000,2.000
12.720,22.500,1.760,3.300,488.000,2.000
11.820,20.800,1.600,1.950,495.000,2.000
11.790,28.500,2.240,3.000,466.000,2.000
12.860,18.000,1.250,4.100,630.000,3.000
12.510,17.500,0.580,5.450,650.000,3.000
12.600,18.500,0.660,7.100,695.000,3.000
12.530,25.000,0.600,5.000,515.000,3.000
13.490,19.500,0.480,5.700,580.000,3.000
12.930,21.000,0.500,4.600,600.000,3.000
13.360,20.000,0.500,5.600,780.000,3.000
13.620,20.000,0.800,4.400,550.000,3.000
13.880,20.000,0.340,4.900,415.000,3.000
13.080,21.500,1.390,9.400,550.000,3.000
13.500,24.000,1.570,8.600,500.000,3.000
12.790,22.000,1.360,10.800,480.000,3.000
13.110,25.500,1.280,7.100,425.000,3.000
13.230,18.500,0.830,10.520,675.000,3.000
12.580,20.000,0.580,7.600,640.000,3.000
13.170,22.000,0.630,7.900,725.000,3.000
13.840,19.500,0.830,9.010,480.000,3.000
12.450,27.000,0.580,7.500,880.000,3.000
14.340,25.000,1.310,13.000,660.000,3.000
13.480,22.500,1.100,11.750,620.000,3.000
12.850,22.000,0.600,5.580,570.000,3.000
12.960,18.500,0.700,5.280,675.000,3.000
13.730,22.500,0.470,6.620,520.000,3.000
13.450,23.000,0.920,10.680,695.000,3.000
13.580,24.500,0.840,8.660,750.000,3.000
13.400,25.000,0.960,8.500,630.000,3.000
12.200,19.000,0.490,5.500,510.000,3.000
12.770,19.500,0.510,9.900,470.000,3.000
14.160,20.000,0.700,9.700,660.000,3.000
13.710,20.500,0.610,7.700,740.000,3.000
13.270,20.000,0.690,10.200,835.000,3.000
13.170,20.000,0.680,9.300,840.000,3.000
14.130,24.500,0.760,9.200,560.000,3.000
12.700,21.500,1.200,5.000,600.000,3.000
12.360,21.000,0.920,7.650,520.000,3.000
13.400,23.000,0.750,7.300,750.000,3.000
